12743
81
27684
21184
31179
6111
15816
11552
4729
23504
26462
23159
25104
18462
29327
15518
15901
19179
28814
10901
26298
23694
17838
17021
31198
6234
29423
25201
12979
15689
13622
17817
7240
26105
25969
3743
6990
22798
22658
32286
2130
4626
12581
9612
13775
22018
30153
32088
31479
7272
14915
13811
11606
2106
20349
23859
31732
2699
435
16206
22406
28898
18080
1236
21546
21262
2247
4233
27908
25952
18129
29287
32479
9248
20207
23350
25433
12719
2915
14586
30768
18651
24015
26480
16955
412
30893
19435
28518
12142
8770
23230
10646
31386
27565
25898
29183
26015
24027
6892
12264
27338
16718
5778
1752
9108
31850
17950
5065
5318
526
12204
29956
499
12531
17727
23643
11111
15261
7472
24097
27561
30729
14720
23019
6615
11298
10693
28054
25041
8022
31568
3856
13210
29810
18209
6724
5033
30493
21916
10260
2933
606
2163
2916
29905
7117
29409
24243
4138
27049
5757
8119
22433
26730
15848
2792
19428
14921
14259
31214
7460
24054
24392
15973
10405
1818
25070
6677
3584
20220
23224
5481
27963
2409
8742
5038
24234
5224
4277
4118
18782
4768
31663
19854
27814
12916
7782
29334
8512
17073
8851
14431
12566
14911
18457
2427
5944
13202
24163
1666
6064
26405
25898
22286
7099
15850
8968
4331
4782
9577
25842
1833
21208
2199
11924
5654
12450
7171
20166
742
32119
26276
29027
27975
8971
17299
2259
30245
20269
20775
31217
26732
12518
5779
25305
14593
8309
1920
14159
30672
16368
31139
4505
11187
14621
22995
30048
12208
9024
27341
24658
27103
2107
3494
25540
