1122
25615
24678
4294
27829
3816
18778
21844
11303
31266
9807
11902
6541
7166
1431
18806
10346
29815
1273
21173
11987
29592
19355
29580
14824
29318
29785
12638
27371
5346
13549
26662
15968
20726
4044
24117
6085
19258
27889
595
22647
9071
3681
14485
30807
26094
14298
30817
26901
383
3715
25957
29681
3296
29694
27613
6098
3025
375
22647
5052
21369
19511
31958
8788
29752
21536
21401
2570
19867
17943
20067
6936
3017
32503
23746
27498
11975
26249
19747
26605
16171
17477
15317
25574
20625
12430
28195
2110
16010
2109
1442
30434
4196
27832
24654
21425
11007
2121
7349
29494
172
30594
6154
994
8067
28873
30614
18939
20474
17624
30033
23827
16691
11522
5013
20823
32617
3765
24115
9241
1666
28186
4787
19366
9127
30066
20056
8634
24325
27360
14791
2733
153
31189
27542
31377
6511
9320
20852
16322
4391
15318
3916
3588
23367
16432
19878
7814
4300
26911
13358
29285
30355
29768
24070
2257
4249
29362
14211
16583
8731
30383
11722
20107
17278
9964
7209
7645
20999
32566
21341
16000
8868
3161
20450
8292
21440
16354
14747
8713
19064
11402
26529
10553
374
16172
11507
20977
16849
24039
13912
7195
1265
4458
26921
23359
11857
2008
13244
13095
5926
29075
16081
21428
9893
24632
17958
6198
24039
4526
30688
28960
17734
17717
26432
17331
20075
5103
20960
157
8129
5213
10312
19860
23745
15747
14272
23619
23338
31125
83
32639
18513
3226
30659
22860
23649
2070
14059
16571
23293
17535
13267
4183
3535
28310
3178
24377
18171
12429
21483
6367
9007
11659
12921
