29197
25634
8004
27795
64
18105
28200
17606
316
22952
18376
17165
17629
23754
11548
21508
32408
24581
9602
11284
29272
13773
22174
25750
22048
8453
11253
9545
30993
27643
21546
15211
9926
28377
17799
20194
32515
27165
16362
19799
19762
19581
20560
30469
10664
31601
4365
4205
2833
24000
10092
443
27979
3285
9527
7098
28056
23113
14846
1213
17955
28182
2151
31230
24923
20387
11779
3101
8138
21567
17112
4863
23443
21397
31794
30474
30145
10473
11953
4943
26833
10820
5335
26658
25033
379
27246
32012
27526
25391
20533
246
20400
29529
31289
31356
12155
577
6039
31388
23808
28544
32344
4307
16194
24554
8173
23807
7759
12304
11223
24105
3139
15834
31082
31685
3899
7276
13967
15614
2155
567
3778
1216
8161
17008
5625
25225
14713
30607
27398
3045
2531
23002
12559
30566
27858
4692
7566
31946
30692
18818
14430
25529
10415
6116
11763
22896
1991
21950
1449
27552
6954
15037
7581
2845
20248
21150
16550
31575
25957
4312
3188
28683
11719
1758
9300
9688
20220
17524
15626
455
21530
14726
11401
2584
1094
13412
23156
15483
2549
3261
5623
18253
24509
19665
25809
2625
26824
26521
17804
6541
21073
26600
921
2549
24448
10476
22528
15858
14090
8115
22491
10636
26921
20193
12986
11730
29807
28027
29843
2440
7437
1983
19118
1149
27312
2982
29698
3302
8453
28623
16364
29198
18755
8095
23486
21302
15423
7483
25736
24922
1022
22217
27052
21614
11094
15602
23440
9271
20407
14428
30183
24605
15218
24758
5107
3207
16316
28094
10844
12219
26564
8206
5658
23574
