676
5923
18176
29291
31382
21322
26554
8932
21861
1440
30888
3397
2214
30096
30028
1327
11436
29892
6368
27230
29651
22482
24078
2985
19930
21316
13543
20904
13075
21657
21607
25364
3823
9626
29981
30001
11624
20934
17401
20760
20148
21911
32404
21459
4192
14519
17650
16655
4663
1580
22601
23052
9700
16338
10293
20712
1529
25190
16282
13895
19414
31512
1812
29537
12961
12005
2463
21096
25626
5939
26043
1068
2898
30995
6209
2602
5107
29736
10324
24100
27259
22242
24662
23001
2392
3840
28743
31415
22078
11075
27946
32197
24064
28810
12385
30296
24177
2864
18817
23125
10712
21176
22897
16331
32765
32199
20936
16076
7166
28581
27658
16854
26306
5709
22554
23343
10973
18514
21324
22573
17067
3937
32109
19588
16099
28599
5301
20225
8283
27548
30127
29013
19168
880
2048
30288
7216
13055
24855
20690
18405
20190
2880
24216
1844
8769
11508
8479
8552
25503
4292
4654
18766
17777
9463
9856
16002
2146
2432
29511
24919
16218
32573
9872
25118
30302
24854
9194
8152
27918
20876
29977
32499
14603
18396
3869
23502
29955
25320
9484
27632
2335
31062
11747
13417
2475
26348
22096
15953
916
8118
794
21534
16599
6130
22722
22256
26556
11395
6453
11387
27495
4391
15126
28206
22030
3324
17182
1446
3150
632
12676
6293
13686
30223
5811
29792
4359
14537
17939
22385
3100
10987
2137
11092
21236
16096
7124
19799
17548
5353
7940
28243
15684
29776
1444
5508
13104
15183
30083
13481
31489
22079
26540
27674
16211
8343
26515
1796
26510
20905
632
13935
21233
5668
16991
