15275
11204
32144
20735
28014
7248
30779
3652
20059
32239
32254
23922
17939
12426
31330
5185
27721
28036
19236
18369
6062
26463
22007
7985
7435
5035
29665
25545
21848
24671
14697
29490
5460
24939
27180
11627
7834
26198
24333
29165
17045
4450
25345
7827
26889
10672
13470
5540
28528
19006
29396
1151
2322
11365
28291
4761
9534
17689
9839
2676
440
4214
25516
29423
30241
3723
4042
29190
13761
25197
7319
15866
9457
30432
16763
7313
14887
13336
21703
32530
12410
22601
25870
12129
18962
1457
20086
17442
19690
16536
5714
4214
3784
11913
29055
6709
22803
11845
29194
11610
12635
4050
17482
31898
14526
31615
2257
32617
7660
8807
29636
3661
15186
8529
345
16978
23356
28127
4130
19640
28662
15187
31188
1042
864
24418
16634
8681
7419
31679
22853
24334
11726
1964
22555
4144
28433
29065
12143
28529
14170
6677
1088
16100
5169
19143
31543
5332
14043
14494
27097
23861
29108
5424
20265
22601
22205
18469
7307
15579
27406
12667
9381
27819
11450
14170
15968
12589
18381
4414
22140
13632
16223
11126
32523
28874
7911
9982
12389
3174
16313
21504
31572
3699
28102
13007
2243
22547
9660
6644
12011
2066
2892
24153
31438
13386
17009
13293
15944
17594
21485
16744
17520
20224
13083
32349
12484
26060
21427
14182
20050
10899
18044
15226
30784
22248
20836
11621
27174
9320
28187
24311
31373
25511
10749
25564
9280
12783
27605
10638
1889
5516
22232
23764
1181
12890
31104
8271
19140
23519
12043
18979
5780
8908
13865
27214
29723
22749
20762
22501
20881
12522
10872
2239
22436
8251
