11547
3466
10014
30007
8397
5544
3754
27249
17821
9295
905
29060
13161
28809
26144
26790
8157
3442
24102
18841
6284
15662
17432
10557
9566
25017
5360
28426
14039
12291
18583
29294
16420
18357
31389
12185
989
29173
12326
20322
23438
1016
14535
17897
28510
23111
3148
11718
30119
26441
7150
23414
30468
21733
18093
12022
24270
21316
19519
28279
8842
19168
24062
5898
13021
28779
18320
2101
3397
19614
16925
8764
14135
8922
25657
1498
28273
2220
7022
12216
2130
323
30041
23751
11595
25302
11374
15614
8290
8836
14385
16044
16666
26340
14151
17530
17686
27965
26945
430
30715
20718
4329
27254
2368
9048
4910
25375
25679
16082
5659
29150
25680
26086
2202
25768
11448
14670
268
28041
27046
24989
18808
3974
22931
7467
4203
16360
23437
24638
13482
12896
997
20555
11620
19840
18572
1939
8698
28835
32235
31002
19889
25054
1398
14746
1811
3626
15569
25646
11766
16579
7886
932
22875
10493
12835
26657
31337
16242
5330
13473
1836
5160
1495
9126
11375
214
32506
28248
7403
15956
13917
21799
4931
15976
30889
20123
22906
32321
5265
1776
14064
2228
12893
6029
23139
30297
1040
32409
10883
10204
13124
21577
15051
8613
31996
12266
1947
5651
4006
7465
19522
13274
26802
9162
28281
31870
676
10297
21908
7584
10434
30487
23638
17184
11376
2803
8539
31608
22117
12141
15551
23651
10695
743
15451
7146
25086
2439
8843
29812
11199
10960
4251
29990
22252
22871
2051
15571
28830
29644
10725
10484
24019
798
19630
26021
24092
13854
13727
5987
3440
25865
1671
25399
