1735
18719
26654
24214
1828
8717
9845
5826
16186
11458
7521
4909
12974
355
22421
7480
28321
18819
28166
6753
1641
13271
14344
19355
28328
716
16984
28237
11485
14373
13017
27466
4260
14654
19935
9629
9871
10994
15764
26062
4082
3054
22111
21458
14436
24322
7681
6045
8565
9856
28022
12227
1680
9533
3068
10845
729
12105
2241
29998
28979
27701
13944
9220
14332
16141
14240
8760
20853
2640
23014
20905
22837
25506
17419
24575
14232
6362
23439
19001
14802
21582
30183
24156
4644
22631
1949
7289
3289
15802
20932
30307
5354
24192
22106
22909
15888
18659
1626
23308
15669
9499
25218
8344
4198
24440
24521
15252
13607
29096
29631
20501
18490
30817
19188
9037
26035
26435
32659
11173
4373
11273
23111
2387
31243
9259
17476
31622
27646
9876
25977
13121
6500
16597
744
9520
8290
19520
14247
25000
10871
13753
16073
15097
23682
687
2066
3053
11234
15714
14444
3175
29886
1003
28311
8317
16322
12254
26564
8045
22888
31290
14647
4447
8758
13006
10143
23981
24835
26764
32541
939
8713
19112
30983
3532
2937
20935
14382
4867
19263
17781
17078
4570
11483
14061
19694
26834
25126
28403
16412
3372
29463
8216
10283
20624
21154
17535
9417
24427
15467
17219
8545
5457
13593
20313
13650
14875
29776
30017
19808
31576
10589
14561
29360
14817
15847
18305
2387
18063
5276
23232
18311
11045
10876
944
16581
3873
27344
22952
30307
14777
27238
28867
28866
31178
25783
19987
7786
28378
23297
25770
5583
9432
947
2922
7853
14978
24326
24430
19987
8238
990
11612
9959
16534
