24602
2053
9352
6482
6228
20433
16890
8644
8886
12780
9018
28921
3010
15710
1284
4854
11523
24046
27655
0
9604
19308
18251
16845
15859
26481
24869
8806
30245
17570
2203
14780
2113
15535
13500
19025
23440
32099
15767
22585
18327
24848
1450
13118
23500
30401
21976
2748
25925
26805
28338
6041
1723
10211
21441
24804
28942
31866
686
3079
31218
17571
31509
21912
11517
26234
10568
23059
21127
29078
23572
27870
16129
831
31040
1937
30756
11730
30285
25516
27782
2655
7850
24986
5915
2660
22394
16029
32348
8325
16889
8086
1473
6318
8275
19041
20863
3615
27183
32741
15070
7645
19462
26850
2103
8412
30453
3048
24010
16242
10166
26845
16567
30245
14333
6288
15318
11747
15870
11993
30297
3980
30744
19383
9061
1445
26430
25520
25164
14104
22731
17277
24961
10125
18432
15727
29101
28654
17420
11144
8258
2616
15617
22833
24754
25416
21034
225
1684
11920
17515
5852
26311
14289
16505
30058
19626
29325
16793
23727
15093
26848
1013
27810
12487
11492
19839
6231
6480
856
23538
5201
6296
23788
14309
30835
5193
5514
24773
24928
3393
22226
8954
6225
18885
31790
24185
4314
30705
7285
1005
30132
17843
17090
8820
10636
19160
29103
16792
7505
25387
16170
6537
19384
22277
14726
21629
30717
10788
27368
32665
25684
8655
29599
6277
1456
6368
14564
16928
27867
30215
25650
21362
6914
21058
17926
25764
8530
23711
1886
21931
30492
2680
6219
5135
16603
10702
27402
9311
9511
19375
5390
5553
15764
25852
4327
24288
4031
8288
22120
3886
29048
15799
28787
14601
13577
