4935
21875
13072
6874
10398
23004
19174
6256
5226
1440
9684
17602
18951
27160
32421
18583
23982
31421
23173
30728
5376
23874
14914
1680
11591
13806
18103
25305
24935
25492
11614
13631
27539
15291
3884
23427
10734
26431
6227
13796
23334
15233
25616
31857
8793
16681
3591
10693
32477
8680
13572
27642
7257
18785
7903
8409
11502
28419
26457
17156
4636
10490
585
9029
23962
22137
19776
21585
23035
6831
10376
15843
7929
3222
27598
31787
13439
10679
27800
9914
7107
26236
6627
15462
31857
12215
15932
12969
20853
5623
20262
2735
8409
12914
8057
30340
10153
2971
4207
3032
25675
20203
961
18004
2775
27169
19565
23917
17775
8573
16129
10231
2303
16560
12558
11231
7088
1899
19577
21394
19778
28858
27177
20416
26883
31622
18307
7251
21933
6462
31020
29123
27721
24674
32607
26844
26972
22818
29416
14475
20696
29441
4808
22408
19618
31662
5688
31604
8761
10535
29444
12853
28525
4617
15255
26781
18589
1366
6890
15963
9473
5181
3315
31216
22679
18311
19329
8702
19396
26954
18530
21434
10998
20087
2735
9213
25070
2247
26020
17535
17292
20095
10926
12379
28796
10104
30139
5277
6970
6531
11141
19522
12957
16394
28267
29124
17624
27034
8558
31114
32102
29733
22572
24955
3709
22452
3732
20006
25109
5747
7720
32482
17828
27815
7389
10252
1577
17545
19325
10940
18566
2378
32721
18919
1580
3535
12220
706
26188
15378
31606
16364
15531
8715
8566
31390
26875
1338
32295
22620
21581
18786
30631
17367
11845
26802
7808
11257
12337
11401
9936
18483
27390
29907
8041
17789
