20757
27155
19285
23587
22517
28113
22995
27137
9409
13087
22830
10210
13809
1994
10264
2815
10983
21287
28111
27636
13803
8960
31003
14744
31550
26317
18777
15726
21055
24406
21595
24037
4823
538
13262
20888
4961
27897
28860
26175
22371
20619
4006
10004
26865
29418
14884
22127
18318
23406
25603
11424
4202
29557
17711
15969
32285
26038
12421
15219
15487
25544
13537
15783
17185
19351
21223
2454
2176
21971
18457
15337
1859
2818
3354
20287
931
4125
6485
26863
17249
24422
24008
19321
18846
21558
31319
1908
6203
32040
11003
8240
29224
15761
21281
24781
20602
16332
15540
3059
20010
29464
21058
10867
2527
15343
30149
3492
19618
32127
21352
28735
26217
7487
28559
22418
21373
23110
2089
3491
8820
19067
29147
13537
20825
31194
1900
2793
28740
15103
23226
2628
15508
30250
29077
12664
29187
26864
11207
22702
20648
29355
27762
1691
20197
19234
23122
4213
7792
6221
9288
11284
1534
13189
3915
24560
12106
30260
2507
17820
21808
29820
21865
9730
28090
31568
4577
5107
30025
26910
26670
21229
5669
31377
26716
16753
1403
4766
30558
3108
16314
28991
11166
25096
19886
2268
26242
6642
14060
30823
21638
25877
31741
19705
10707
8992
21165
9276
7957
24257
5952
14139
18048
12427
13866
22143
19450
26287
15464
31130
18759
1952
22434
1385
23376
10671
24980
28517
32435
20052
9438
9477
16239
18730
9994
16923
13771
19573
24634
11955
17204
24572
17534
25807
7083
16178
9616
20117
18254
31374
19780
27227
7433
30540
29782
27316
1651
1615
21994
20045
26713
868
24443
24529
16343
24795
